Datos afiltrados mq135 puros
0.00
0.00
0.00
0.00
82.33
82.33
82.33
82.44
82.44
82.56
82.56
82.56
82.67
82.56
82.44
82.22
82.11
82.00
82.00
82.00
82.33
82.67
83.00
83.44
83.67
83.89
83.89
83.89
83.67
83.44
83.22
83.00
83.22
83.33
83.56
83.89
84.00
84.22
84.44
84.67
84.56
84.44
84.33
84.11
84.00
83.78
83.44
83.11
82.89
82.67
82.44
82.22
82.00
81.89
81.78
81.78
81.67
81.67
81.67
81.67
81.67
81.67
81.78
81.78
81.78
81.78
81.78
81.89
82.00
82.33
82.67
82.89
83.11
83.11
83.22
82.89
82.44
81.89
81.33
80.89
80.56
80.22
79.78
79.67
79.67
79.56
79.44
79.44
79.22
79.22
79.33
79.33
79.33
79.44
79.33
0.00
0.00
0.00
0.00
0.00
