Sensor mq 135
246,
246,
248,
248,
250,
250,
251,
252,
252,
253,
254,
255,
255,
255,
256,
256,
257,
257,
257,
258,
258,
259,
259,
259,
259,
260,
260,
259,
260,
259,
260,
261,
261,
261,
262,
263,
263,
263,
263,
262,
262,
262,
261,
260,
260,
260,
260,
259,
259,
259,
259,
258,
258,
258,
257,
257,
257,
256,
256,
256,
255,
254,
253,
252,
252,
252,
251,
251,
250,
251,
251,
251,
251,
251,
251,
251,
251,
252,
251,
251,
251,
251,
252,
251,
251,
251,
251,
251,
250,
251,
251,
251,
251,
251,
250,
250,
250,
249,
250,
249,
249,
249,
248,
248,
248,
248,
248,
247,
247,
247,
246,
246,
246,
246,
245,
245,
244,
244,
243,
243,
243,
243,
242,
242,
242,
241,
241,
241,
241,
240,
240,
241,
240,
240,
240,
239,
239,
239,
238,
238,
238,
237,
237,
237,
236,
236,
235,
235,
234,
234