Datos puros mq7 filtrados
0.00
0.00
0.00
0.00
242.56
242.67
242.56
242.44
242.56
242.56
242.22
241.78
241.33
240.67
240.11
239.33
238.11
236.78
235.44
234.22
233.00
231.67
230.33
229.22
228.33
227.78
227.56
227.44
227.44
227.78
228.22
228.89
229.89
230.67
231.44
231.89
232.44
233.00
233.56
233.67
233.89
234.33
234.89
235.67
236.33
236.78
237.22
237.67
237.89
238.11
238.22
238.44
238.22
238.33
238.78
239.33
239.78
239.89
240.22
240.33
240.67
240.78
240.44
240.44
240.22
239.78
239.44
239.22
239.11
238.89
239.00
238.67
238.78
239.22
239.33
239.56
239.89
240.33
240.44
240.67
240.67
240.67
240.44
240.11
239.67
239.33
239.00
238.89
238.78
238.56
238.67
239.00
239.22
239.33
239.67
0.00
0.00
0.00
0.00
0.00
