Sensor mq 7  
424,
424,
424,
424,
424,
424,
423,
423,
422,
423,
422,
422,
421,
421,
421,
421,
420,
421,
420,
419,
419,
419,
419,
419,
418,
418,
418,
417,
418,
417,
417,
417,
417,
417,
417,
416,
417,
416,
416,
416,
417,
416,
416,
416,
416,
416,
416,
416,
416,
416,
416,
416,
415,
415,
415,
415,
415,
415,
415,
415,
414,
415,
414,
414,
414,
414,
413,
413,
413,
413,
413,
412,
412,
412,
411,
411,
410,
410,
410,
409,
409,
409,
409,
408,
408,
407,
407,
407,
406,
406,
406,
405,
405,
405,
405,
404,
404,
403,
403,
403,
402,
402,
402,
401,
401,
401,
401,
400,
400,
400,
400,
400,
399,
400,
399,
399,
399,
399,
399,
399,
398,
399,
398,
398,
398,
397,
398,
397,
397,
398,
397,
397,
397,
397,
396,
396,
396,
396,
396,
396,
396,
395,
395,
396,
395,
395,
395,
395,
394,
394
