Sensor mq 7  
273,
273,
273,
272,
273,
273,
273,
273,
274,
272,
272,
273,
273,
270,
269,
269,
268,
267,
265,
262,
261,
258,
258,
258,
256,
255,
255,
254,
256,
256,
257,
258,
259,
259,
261,
263,
263,
263,
261,
263,
264,
264,
262,
265,
267,
268,
268,
269,
268,
268,
266,
267,
269,
269,
270,
267,
269,
272,
271,
271,
270,
272,
271,
270,
270,
269,
271,
269,
266,
269,
269,
269,
268,
270,
268,
270,
270,
270,
271,
272,
272,
271,
270,
270,
270,
268,
268,
268,
269,
268,
269,
269,
268,
269,
271,
270,
270,
271,
271,
270,
269,
267,
269,
270,
268,
269,
268,
267,
269,
265,
267,
268,
266,
267,
264,
266,
261,
263,
265,
264,
262,
261,
261,
263,
261,
261,
260,
261,
263,
266,
264,
263,
263,
265,
267,
270,
268,
270,
270,
270,
268,
267,
268,
267,
268,
267,
269,
270,
272,
271