Datos filtrados mq7
0.00
0.00
0.00
0.00
376.67
376.44
376.33
376.11
375.89
375.56
375.22
375.00
374.78
374.56
374.33
374.11
373.78
373.56
373.33
373.11
372.89
372.67
372.33
372.11
371.89
371.78
371.56
371.33
371.11
371.00
370.89
370.78
370.67
370.56
370.44
370.33
370.22
370.22
370.11
370.00
370.00
369.89
369.89
369.89
369.89
369.78
369.78
369.78
369.78
369.67
369.56
369.44
369.33
369.22
369.11
369.00
368.89
368.78
368.78
368.67
368.56
368.44
368.33
368.11
367.89
367.78
367.56
367.44
367.22
367.00
366.78
366.56
366.33
366.00
365.67
365.33
365.00
364.67
364.33
364.11
363.78
363.56
363.22
362.89
362.67
362.33
362.00
361.67
361.33
361.00
360.78
360.56
360.22
360.00
359.67
0.00
0.00
0.00
0.00
0.00