Sensor mq 135
93,
93,
92,
93,
92,
93,
93,
92,
93,
93,
93,
93,
93,
93,
93,
93,
92,
92,
91,
92,
92,
93,
93,
96,
95,
95,
95,
94,
94,
93,
93,
94,
93,
93,
93,
96,
95,
95,
96,
95,
95,
95,
95,
95,
94,
94,
94,
94,
93,
92,
92,
93,
92,
92,
92,
92,
92,
91,
92,
92,
92,
92,
92,
92,
92,
92,
92,
92,
92,
92,
93,
93,
95,
95,
94,
94,
92,
93,
90,
89,
90,
90,
90,
91,
89,
89,
89,
89,
89,
89,
90,
89,
89,
90,
89,
89,
90,
88,
89,
88,
88,
88,
88,
88,
87,
87,
88,
87,
87,
86,
86,
85,
85,
85,
85,
85,
85,
85,
86,
86,
89,
93,
90,
117,
123,
107,
109,
124,
117,
92,
89,
87,
86,
86,
84,
85,
84,
84,
82,
82,
82,
84,
85,
90,
92,
94,
97,
97,
92,
91