0.00
0.00
0.00
0.00
221.22
221.89
222.67
223.33
224.11
224.67
225.22
225.78
226.22
226.78
227.22
227.56
227.89
228.22
228.67
229.00
229.33
229.56
229.89
230.22
230.33
230.56
230.56
230.67
230.89
231.11
231.22
231.44
231.89
232.22
232.67
233.00
233.11
233.22
233.33
233.22
232.89
232.56
232.22
231.89
231.56
231.22
230.89
230.67
230.44
230.22
230.00
229.67
229.44
229.22
228.89
228.56
228.33
228.00
227.56
227.11
226.56
226.00
225.56
225.00
224.44
223.89
223.56
223.33
223.22
223.11
223.00
223.00
223.00
223.11
223.22
223.22
223.22
223.22
223.22
223.33
223.33
223.33
223.22
223.22
223.22
223.11
223.11
223.00
223.00
223.00
223.00
222.89
222.78
222.78
222.56
0.00
0.00
0.00
0.00
0.00
