MQ135 FILTRADOS
0.00
0.00
0.00
0.00
401.22
410.33
417.67
424.56
430.11
433.33
433.67
431.11
429.00
427.67
427.67
428.22
429.11
431.11
434.56
438.56
441.00
442.22
442.11
441.11
439.89
438.78
437.44
436.67
436.33
436.11
435.89
436.00
435.11
433.33
431.56
430.22
429.33
428.89
428.78
428.78
430.22
432.67
435.44
438.00
440.00
441.78
443.44
445.00
446.33
447.67
448.89
449.89
450.89
451.67
452.33
452.89
453.33
453.78
454.22
454.67
455.11
455.78
456.44
457.33
458.33
459.44
460.56
461.56
462.67
463.56
464.44
465.11
465.78
466.22
466.67
467.11
467.56
468.11
468.67
469.22
469.78
470.44
471.00
471.67
472.33
473.00
473.56
474.22
474.89
475.44
476.11
476.78
477.33
477.89
478.56
479.11
479.56
479.89
480.11
480.22
480.33
480.33
480.22
480.22
480.33
480.56
480.89
481.33
481.78
482.33
482.89
483.44
483.89
484.33
484.67
484.89
485.11
485.22
485.22
485.11
485.00
484.89
484.78
484.67
484.56
484.44
484.44
484.56
484.67
484.78
485.11
485.56
486.11
486.89
487.78
488.56
489.44
490.33
491.00
491.56
492.00
492.22
492.44
492.67
492.78
0.00
0.00
0.00
0.00
0.00

MQ7 FILTRADOS
0.00
0.00
0.00
0.00
545.44
549.56
554.11
559.22
564.67
570.33
575.89
579.89
581.78
583.00
584.00
584.67
584.89
585.00
585.22
585.44
585.78
586.22
586.78
587.44
588.44
589.56
590.44
591.33
591.89
592.33
592.67
592.89
593.00
593.11
593.22
593.22
593.33
593.67
594.00
594.33
594.67
594.78
594.78
594.78
594.78
594.78
594.78
594.67
594.33
594.11
593.67
592.89
591.89
590.56
589.33
588.44
587.89
587.00
586.22
585.56
585.00
584.44
583.67
582.56
581.22
580.11
579.33
579.22
579.33
579.78
580.56
581.67
583.11
584.78
586.44
587.78
589.11
590.33
591.44
592.44
593.33
594.22
595.11
595.89
596.56
597.22
597.89
598.44
598.89
599.33
599.67
600.00
600.44
600.78
601.00
601.33
601.67
602.00
602.33
602.56
602.67
602.78
602.78
602.67
602.44
601.89
601.11
600.11
598.89
597.22
595.33
593.00
590.33
587.56
584.67
581.67
578.56
575.56
572.56
569.67
567.00
564.56
562.44
560.78
559.44
558.22
557.11
556.22
555.44
554.78
554.11
553.33
552.44
551.67
551.00
550.22
549.22
547.89
546.33
544.56
542.67
540.44
538.00
535.33
532.67
0.00
0.00
0.00
0.00
0.00

