MQ135
412,
428,
433,
443,
453,
467,
484,
491,
494,
494,
495,
493,
482,
470,
461,
472,
482,
494,
500,
501,
500,
501,
497,
494,
493,
493,
491,
490,
490,
489,
490,
491,
491,
491,
492,
482,
474,
473,
478,
483,
487,
490,
492,
495,
496,
498,
501,
501,
503,
505,
506,
507,
508,
509,
510,
510,
510,
511,
511,
511,
512,
513,
514,
514,
516,
517,
519,
520,
522,
523,
523,
524,
524,
525,
525,
526,
526,
527,
527,
528,
529,
530,
530,
531,
532,
532,
533,
534,
535,
535,
536,
537,
537,
538,
539,
539,
540,
541,
541,
541,
540,
540,
540,
540,
540,
540,
541,
542,
542,
543,
544,
544,
545,
545,
546,
546,
546,
546,
546,
546,
546,
545,
545,
545,
545,
545,
545,
545,
545,
545,
546,
546,
546,
548,
549,
550,
552,
553,
553,
554,
554,
554,
554,
554,
554,
555,
555,
555,
556,
553
////////MQ7
611,
609,
607,
606,
605,
607,
622,
642,
648,
650,
653,
655,
656,
657,
658,
659,
659,
659,
659,
657,
657,
659,
660,
662,
663,
664,
665,
666,
667,
667,
668,
667,
667,
667,
667,
667,
668,
668,
668,
668,
670,
670,
670,
670,
669,
668,
668,
668,
670,
670,
669,
667,
667,
664,
661,
659,
658,
659,
661,
662,
659,
657,
655,
654,
653,
652,
651,
650,
649,
650,
654,
655,
657,
659,
661,
663,
664,
665,
666,
667,
668,
669,
670,
671,
672,
673,
673,
673,
674,
675,
675,
675,
676,
676,
676,
677,
677,
677,
678,
678,
679,
679,
678,
678,
678,
677,
677,
676,
674,
672,
669,
667,
663,
660,
656,
652,
649,
646,
642,
639,
636,
633,
630,
628,
627,
627,
627,
627,
625,
623,
622,
621,
621,
621,
620,
619,
618,
617,
615,
612,
609,
607,
604,
602,
598,
595,
591,
588,
584,
582